1
482
1 120 90 30 30
1 150 90 30 30
1 180 90 30 30
1 210 90 30 30
1 210 120 30 30
1 210 150 30 30
1 210 180 30 30
1 180 180 30 30
1 150 180 30 30
1 120 180 30 30
1 120 150 30 30
1 120 120 30 30
1 150 120 30 30
1 150 150 30 30
1 180 150 30 30
1 180 120 30 30
1 150 210 30 30
1 150 240 30 30
1 150 270 30 30
1 150 300 30 30
1 150 330 30 30
1 150 360 30 30
1 150 390 30 30
1 150 420 30 30
1 150 450 30 30
1 150 480 30 30
1 150 510 30 30
1 150 540 30 30
1 150 570 30 30
1 150 600 30 30
1 150 630 30 30
1 180 630 30 30
1 180 600 30 30
1 180 570 30 30
1 180 540 30 30
1 180 210 30 30
1 180 240 30 30
1 180 270 30 30
1 180 300 30 30
1 180 330 30 30
1 180 360 30 30
1 180 390 30 30
1 180 420 30 30
1 180 450 30 30
1 180 480 30 30
1 180 510 30 30
1 240 120 30 30
1 270 120 30 30
1 300 120 30 30
1 330 120 30 30
1 360 120 30 30
1 390 120 30 30
1 420 120 30 30
1 450 120 30 30
1 480 120 30 30
1 510 120 30 30
1 540 120 30 30
1 570 120 30 30
1 600 120 30 30
1 630 120 30 30
1 660 120 30 30
1 690 120 30 30
1 720 120 30 30
1 750 120 30 30
1 780 120 30 30
1 810 120 30 30
1 840 120 30 30
1 870 120 30 30
1 900 120 30 30
1 930 120 30 30
1 960 120 30 30
1 990 120 30 30
1 900 150 30 30
1 870 150 30 30
1 840 150 30 30
1 810 150 30 30
1 780 150 30 30
1 750 150 30 30
1 720 150 30 30
1 690 150 30 30
1 660 150 30 30
1 630 150 30 30
1 600 150 30 30
1 570 150 30 30
1 540 150 30 30
1 510 150 30 30
1 480 150 30 30
1 450 150 30 30
1 420 150 30 30
1 390 150 30 30
1 360 150 30 30
1 330 150 30 30
1 300 150 30 30
1 270 150 30 30
1 240 150 30 30
1 360 240 30 30
1 390 240 30 30
1 420 240 30 30
1 450 240 30 30
1 480 240 30 30
1 510 240 30 30
1 540 240 30 30
1 570 240 30 30
1 570 270 30 30
1 570 300 30 30
1 570 330 30 30
1 570 360 30 30
1 570 390 30 30
1 570 420 30 30
1 540 420 30 30
1 510 420 30 30
1 480 420 30 30
1 450 420 30 30
1 450 450 30 30
1 480 450 30 30
1 360 420 30 30
1 330 420 30 30
1 330 450 30 30
1 360 450 30 30
1 300 420 30 30
1 270 390 30 30
1 270 360 30 30
1 270 330 30 30
1 270 300 30 30
1 270 270 30 30
1 270 240 30 30
1 300 240 30 30
1 330 240 30 30
1 270 420 30 30
3 330 270 30 30
3 360 270 30 30
3 390 270 30 30
3 420 270 30 30
3 450 270 30 30
3 480 270 30 30
3 510 270 30 30
3 510 300 30 30
3 510 330 30 30
3 510 360 30 30
3 510 390 30 30
3 540 390 30 30
3 540 360 30 30
3 540 330 30 30
3 540 300 30 30
3 540 270 30 30
3 480 390 30 30
3 450 390 30 30
3 420 390 30 30
3 390 390 30 30
3 360 390 30 30
3 330 390 30 30
3 300 390 30 30
3 300 360 30 30
3 330 360 30 30
3 360 360 30 30
3 390 360 30 30
3 420 360 30 30
3 450 360 30 30
3 480 360 30 30
3 480 300 30 30
3 450 300 30 30
3 420 300 30 30
3 390 300 30 30
3 360 300 30 30
3 360 330 30 30
3 330 330 30 30
3 300 330 30 30
3 390 330 30 30
3 420 330 30 30
3 450 330 30 30
3 480 330 30 30
3 330 300 30 30
3 300 270 30 30
3 300 300 30 30
3 390 420 30 30
3 390 450 30 30
3 420 450 30 30
3 420 420 30 30
3 390 480 30 30
3 390 510 30 30
3 420 510 30 30
3 420 480 30 30
4 270 480 30 30
4 270 450 30 30
4 300 450 30 30
3 450 480 30 30
3 480 480 30 30
3 510 480 30 30
3 540 480 30 30
3 570 480 30 30
3 600 480 30 30
3 630 480 30 30
3 660 480 30 30
3 690 480 30 30
3 690 510 30 30
3 660 510 30 30
3 630 510 30 30
3 600 510 30 30
3 570 510 30 30
3 540 510 30 30
3 510 510 30 30
3 480 510 30 30
3 450 510 30 30
4 300 480 30 30
4 330 480 30 30
4 240 420 30 30
4 240 390 30 30
4 210 210 30 30
4 210 240 30 30
4 270 180 30 30
4 240 180 30 30
4 240 210 30 30
4 120 60 30 30
4 90 60 30 30
4 60 60 30 30
4 90 90 30 30
4 60 90 30 30
4 30 120 30 30
4 60 120 30 30
4 120 30 30 30
4 90 30 30 30
4 60 30 30 30
4 30 60 30 30
4 0 60 30 30
4 0 90 30 30
4 0 120 30 30
4 0 150 30 30
4 0 180 30 30
4 0 210 30 30
4 0 30 30 30
4 0 0 30 30
4 30 0 30 30
4 30 30 30 30
4 150 30 30 30
4 150 0 30 30
4 180 0 30 30
4 210 0 30 30
4 240 0 30 30
4 120 0 30 30
4 90 0 30 30
4 60 0 30 30
4 60 180 30 30
4 90 180 30 30
4 90 210 30 30
4 120 210 30 30
4 120 240 30 30
4 90 450 30 30
4 120 450 30 30
4 120 480 30 30
4 90 480 30 30
4 90 510 30 30
4 90 540 30 30
4 120 540 30 30
4 120 570 30 30
4 120 600 30 30
4 120 630 30 30
4 30 450 30 30
4 0 450 30 30
4 0 420 30 30
4 0 390 30 30
4 0 360 30 30
4 0 330 30 30
4 0 300 30 30
4 60 420 30 30
4 60 450 30 30
4 60 480 30 30
1 570 540 30 30
1 540 540 30 30
1 540 570 30 30
1 570 570 30 30
1 690 540 30 30
1 660 540 30 30
1 660 570 30 30
1 690 570 30 30
1 720 570 30 30
1 750 570 30 30
1 780 570 30 30
1 810 570 30 30
1 810 600 30 30
1 810 630 30 30
1 810 660 30 30
1 810 690 30 30
1 810 720 30 30
1 810 750 30 30
1 780 750 30 30
1 750 750 30 30
1 720 750 30 30
1 690 750 30 30
1 660 750 30 30
1 630 750 30 30
1 600 750 30 30
1 510 750 30 30
1 480 750 30 30
1 480 720 30 30
1 480 690 30 30
1 480 660 30 30
1 480 630 30 30
1 480 600 30 30
1 480 570 30 30
1 510 570 30 30
1 480 780 30 30
1 510 780 30 30
1 480 810 30 30
1 480 840 30 30
1 480 870 30 30
1 480 900 30 30
1 480 930 30 30
1 480 960 30 30
1 480 990 30 30
1 510 990 30 30
1 540 990 30 30
1 570 990 30 30
1 600 990 30 30
1 630 990 30 30
1 660 990 30 30
1 690 990 30 30
1 720 990 30 30
1 750 990 30 30
1 750 960 30 30
1 750 930 30 30
1 600 780 30 30
1 630 780 30 30
1 660 780 30 30
1 750 840 30 30
1 750 810 30 30
1 750 780 30 30
1 750 870 30 30
1 750 900 30 30
1 690 780 30 30
1 720 780 30 30
3 720 480 30 30
3 750 480 30 30
3 780 480 30 30
3 810 480 30 30
3 840 480 30 30
3 870 480 30 30
3 900 480 30 30
3 930 480 30 30
3 960 480 30 30
3 990 480 30 30
3 1020 480 30 30
3 1050 480 30 30
3 1080 480 30 30
3 1110 480 30 30
3 1140 480 30 30
3 1170 480 30 30
3 1200 480 30 30
3 1230 480 30 30
3 1260 480 30 30
3 1290 480 30 30
3 1320 480 30 30
3 1350 480 30 30
3 1380 480 30 30
3 1380 510 30 30
3 1350 510 30 30
3 1320 510 30 30
3 1290 510 30 30
3 1260 510 30 30
3 1230 510 30 30
3 1200 510 30 30
3 1170 510 30 30
3 1140 510 30 30
3 1110 510 30 30
3 1080 510 30 30
3 1050 510 30 30
3 1020 510 30 30
3 990 510 30 30
3 960 510 30 30
3 930 510 30 30
3 900 510 30 30
3 870 510 30 30
3 840 510 30 30
3 810 510 30 30
3 780 510 30 30
3 750 510 30 30
3 720 510 30 30
3 630 540 30 30
3 600 540 30 30
3 600 570 30 30
3 600 600 30 30
3 600 630 30 30
3 630 600 30 30
3 630 570 30 30
3 630 630 30 30
3 630 660 30 30
3 630 690 30 30
3 660 690 30 30
3 660 660 30 30
3 690 660 30 30
3 720 660 30 30
3 720 630 30 30
3 750 630 30 30
3 750 600 30 30
3 780 600 30 30
3 780 630 30 30
3 780 660 30 30
3 780 690 30 30
3 750 690 30 30
3 750 720 30 30
3 720 720 30 30
3 690 720 30 30
3 660 720 30 30
3 630 720 30 30
3 600 720 30 30
3 570 720 30 30
3 540 720 30 30
3 510 720 30 30
3 510 690 30 30
3 510 660 30 30
3 510 630 30 30
3 510 600 30 30
3 540 600 30 30
3 570 600 30 30
3 660 600 30 30
3 690 600 30 30
3 720 600 30 30
3 780 720 30 30
3 750 660 30 30
3 720 690 30 30
3 690 690 30 30
3 690 630 30 30
3 660 630 30 30
3 600 660 30 30
3 570 660 30 30
3 540 660 30 30
3 540 630 30 30
3 540 690 30 30
3 570 690 30 30
3 600 690 30 30
3 570 630 30 30
3 570 750 30 30
3 570 780 30 30
3 540 780 30 30
3 540 810 30 30
3 540 840 30 30
3 540 870 30 30
3 540 900 30 30
3 540 930 30 30
3 540 960 30 30
3 510 960 30 30
3 510 930 30 30
3 510 900 30 30
3 510 870 30 30
3 510 840 30 30
3 510 810 30 30
3 540 750 30 30
3 570 810 30 30
3 600 810 30 30
3 630 810 30 30
3 630 840 30 30
3 660 840 30 30
3 690 840 30 30
3 690 870 30 30
3 690 900 30 30
3 690 930 30 30
3 690 960 30 30
3 720 960 30 30
3 720 810 30 30
3 690 810 30 30
3 660 810 30 30
3 720 840 30 30
3 720 870 30 30
3 720 900 30 30
3 720 930 30 30
3 660 960 30 30
3 630 960 30 30
3 600 960 30 30
3 570 960 30 30
3 630 930 30 30
3 660 930 30 30
3 660 900 30 30
3 630 900 30 30
3 600 900 30 30
3 570 900 30 30
3 570 930 30 30
3 630 870 30 30
3 600 870 30 30
3 570 870 30 30
3 600 930 30 30
3 600 840 30 30
3 570 840 30 30
3 660 870 30 30
